2693.02
1
1252.4
2
881.247
3
759.927
4
680.894
5
676.454
6
603.081
7
539.919
8
502.856
9
474.159
10
450.255
11
429.231
12
411.922
13
397.284
14
386.457
15
375.445
16
365.495
17
362.111
18
367.301
19
387.622
20
413.504
21
395.212
22
382.932
23
370.426
24
358.911
25
349.381
26
341.076
27
332.877
28
325.47
29
319.249
30
313.635
31
308.234
32
301.76
33
295.992
34
289.832
35
283.548
36
277.304
37
272.573
38
267.103
39
262.962
40
259.119
41
255.704
42
252.96
43
250.549
44
247.947
45
245.155
46
242.56
47
240.771
48
238.253
49
235.257
50
232.641
51
229.584
52
227.023
53
224.746
54
222.919
55
220.706
56
218.133
57
215.768
58
214.527
59
213.925
60
213.66
61
213.989
62
214.517
63
216.702
64
218.686
65
221.081
66
223.396
67
225.187
68
226.169
69
227.252
70
228.309
71
230.547
72
233.921
73
237.089
74
238.915
75
238.639
76
236.922
77
234.934
78
233.783
79
231.674
80
229.477
81
228.001
82
226.828
83
226.32
84
225.099
85
224.455
86
224.087
87
223.437
88
221.888
89
218.097
90
214.907
91
211.413
92
210.292
93
208.067
94
203.714
95
201.132
96
199.667
97
197.865
98
194.754
99
192.669
100
191.022
101
189.575
102
188.154
103
186.472
104
184.928
105
183.273
106
182.092
107
180.694
108
179.378
109
177.672
110
176.338
111
175.187
112
174.355
113
173.865
114
173.003
115
172
116
171.1
117
170.291
118
169.799
119
168.881
120
168.283
121
167.517
122
166.723
123
166.331
124
165.918
125
165.137
126
164.522
127
163.807
128
163.189
129
162.734
130
162.71
131
162.856
132
162.633
133
162.828
134
163.002
135
162.521
136
162.331
137
162.38
138
162.086
139
161.599
140
161.634
141
161.556
142
161.629
143
160.873
144
159.759
145
158.799
146
157.585
147
156.185
148
155.012
149
154.147
150
152.999
151
151.641
152
150.887
153
149.979
154
149.386
155
148.335
156
147.508
157
146.384
158
145.744
159
144.623
160
143.271
161
142.31
162
141.07
163
140.186
164
139.384
165
138.473
166
137.64
167
137.144
168
136.395
169
136.048
170
135.692
171
134.85
172
134.353
173
133.653
174
133.323
175
132.803
176
132.248
177
131.863
178
131.47
179
130.891
180
130.419
181
129.988
182
129.627
183
129.015
184
128.613
185
128.049
186
127.6
187
127.031
188
126.392
189
125.967
190
125.337
191
124.361
192
123.634
193
123.411
194
123.082
195
122.955
196
122.92
197
122.818
198
122.194
199
122.178
200
121.819
201
121.484
202
121.146
203
120.753
204
120.455
205
120.036
206
119.841
207
119.649
208
119.461
209
119.235
210
119.19
211
118.942
212
118.764
213
118.922
214
118.817
215
118.876
216
119.006
217
118.97
218
119.073
219
119.102
220
119.096
221
119.199
222
119.343
223
119.237
224
119.131
225
119.249
226
119.194
227
119.071
228
119.056
229
119.382
230
118.882
231
119.022
232
118.711
233
118.823
234
118.525
235
118.509
236
118.319
237
118.322
238
118.01
239
117.809
240
117.092
241
117.21
242
116.687
243
116.274
244
115.932
245
116.088
246
115.534
247
116.21
248
114.83
249
114.531
250
114.59
251
114.817
252
114.729
253
113.671
254
113.549
255
113.478
256
113.385
257
113.451
258
113.421
259
113.681
260
114.506
261
113.433
262
114.198
263
113.807
264
113.783
265
114.091
266
114.052
267
114.48
268
114.981
269
114.693
270
114.803
271
115.367
272
116.047
273
116.53
274
116.139
275
115.832
276
115.567
277
115.483
278
115.221
279
115.168
280
115.191
281
114.386
282
114.592
283
114.536
284
114.279
285
114.135
286
113.685
287
113.184
288
113.276
289
112.979
290
112.959
291
112.573
292
112.696
293
112.99
294
113.427
295
112.955
296
112.305
297
111.888
298
112.187
299
111.768
300
